# Encoder lines of the real knob, sampled at 4 kHz: 'micros state' per change, state = A << 1 | B.
# 'run <direction> <least> <most> <most wrong>' starts a run turned one way and says how many steps
# a decoder must find in it. Runs 1-4: 2026-10-02 afternoon (slow, slow, fast, fast), 5-8: evening
# (working speed twice, then as fast as in daily use twice).
run 1 10 10 0
0 1
6744 3
6992 1
9242 3
10242 1
12747 3
12999 1
16492 3
20505 1
21992 3
22242 1
23992 3
25245 1
28508 3
30744 1
31742 3
36255 1
38493 3
40742 1
42745 3
42992 1
44244 3
44742 1
49492 3
50612 1
52498 3
54255 1
61495 3
62492 1
63509 3
67994 1
68992 3
69745 1
70500 3
70992 1
71997 3
74743 1
75992 3
78248 1
79995 3
80257 1
81003 3
82743 1
83992 3
85742 1
86510 3
87244 1
88999 3
90742 1
91992 3
96012 1
96742 3
97992 1
98742 3
99493 1
100992 3
101492 1
103081 3
103535 1
104287 3
105245 1
106764 3
107748 1
108498 3
109011 1
109747 3
109992 1
111254 3
112492 1
113742 3
119245 2
121242 3
121743 1
123259 3
123742 1
124996 3
125993 1
132263 0
157750 1
237259 0
596494 1
598492 0
656242 1
711993 0
720492 1
730992 3
732752 1
736499 3
737494 1
743243 3
748245 1
749994 3
752027 2
753008 3
769746 1
775749 3
776992 1
777992 3
784501 1
785492 3
792994 1
794244 3
794492 1
797495 3
806276 2
807510 3
810495 2
811743 0
813755 2
814999 3
826493 1
826742 0
827242 2
828742 0
829492 1
830244 3
831494 2
831744 0
832501 2
833992 3
834243 1
835242 3
835492 2
837242 3
839060 1
840266 3
840748 2
840996 0
842001 1
842753 3
847245 2
848242 3
850742 2
851757 0
853506 2
853992 3
854242 1
854992 0
855992 1
856242 3
858755 1
860252 3
863494 2
865242 3
868018 2
868756 0
869506 2
869745 0
870742 1
871742 3
872742 2
874762 3
876512 2
879244 3
880992 2
883757 3
885742 2
888493 3
888992 2
889742 3
890852 2
896000 3
896759 2
898243 3
899250 2
900492 3
905248 2
908244 3
909742 2
912266 3
912513 2
918256 3
920501 2
921510 3
927016 2
928759 3
929263 2
933744 3
933992 2
937995 3
938242 2
944267 3
944522 2
949245 3
949742 2
950742 3
951242 2
962753 3
963758 2
979753 3
980744 2
981508 3
982255 2
984243 3
985242 2
988497 3
1749745 1
1755258 3
1755499 1
1757993 3
1758242 1
1759992 3
1760992 1
1767994 3
1768744 1
1769501 3
1769744 1
1774244 3
1775742 1
1777253 3
1779258 1
1780747 3
1780992 1
1782992 3
1783242 1
1783992 3
1785257 1
1786745 3
1789743 1
1791742 3
1792746 1
1795744 3
1796492 1
1797742 3
1797992 1
1800993 3
1801744 1
1802995 3
1803996 1
1804994 3
1807753 1
1810994 3
1811242 1
1811993 3
1812242 1
1812492 0
1813742 2
1813992 1
1815249 0
1816263 1
1819742 0
1823271 1
1824494 0
1829266 1
2307994 0
2318492 2
2318742 0
2388244 2
2389994 0
2426008 2
2432494 0
2437755 2
2451743 0
2467994 2
2468492 0
2489745 1
2490744 3
2491498 2
2492493 0
2508996 2
2509997 0
2512509 1
2513242 3
2513492 0
2514492 2
2514742 0
2516242 2
2516992 0
2523744 2
2528745 3
2528992 2
2530492 0
2531242 2
2532492 0
2534311 2
2536762 0
2537997 2
2539494 0
2542743 3
2543492 2
2549743 0
2552242 2
2552998 0
2554753 2
2555508 3
2555753 2
2556492 0
2559242 2
2562747 0
2565244 2
2567992 0
2569250 2
2569994 0
2571250 2
2572995 0
2573742 2
2576495 0
2577255 1
2577742 0
2578759 2
2580992 0
2581742 2
2581992 0
2585357 2
2589749 1
2590246 0
2590749 2
2590999 0
2593503 2
2595742 0
2596742 2
2597742 0
2598250 2
2601744 0
2602742 2
2657496 3
3530743 1
3531993 3
3538994 1
3540492 3
3540992 1
3542492 3
3547994 1
3548992 3
3587001 1
3589002 3
3589743 1
3590242 0
3603996 1
3604242 0
3967493 2
3978742 0
4306995 1
4308242 0
4325492 1
4325742 0
4328242 1
4328492 0
4335992 1
4336742 0
4357492 2
4358242 0
4366995 1
4367242 0
4367492 2
4368242 0
4369242 2
4369742 0
4377002 2
4378752 0
4380745 2
4382742 0
4385495 2
4386996 0
4390743 2
4391242 0
4396001 2
4396492 0
4397492 2
4398243 3
4398742 1
4399243 0
4401745 1
4402248 0
4411764 1
4413744 0
4415264 1
4415513 0
4415750 2
4424745 3
4425242 2
4427492 3
4427742 2
4431018 3
4431993 2
4444995 3
4445243 2
4448245 3
4448508 2
4450745 3
4451242 2
4452242 3
4452492 2
4460994 3
5221493 1
5284496 0
5286243 1
5286511 0
5288258 1
5289992 0
6007994 1
6008994 0
6043742 1
6043992 0
6054492 1
6058492 0
6073492 1
6074243 3
6074492 0
6076752 1
6078508 0
6080500 2
6081992 0
6083494 2
6083742 0
6085492 1
6085742 0
6087242 2
6098495 3
6099992 2
6104501 3
6105008 2
6109494 3
6112504 2
6114494 3
6116242 2
6118500 3
6120253 2
6121242 3
6121742 2
6123997 3
6124742 2
6126258 3
6126872 2
6128767 3
6133495 2
6135742 3
6138498 2
6140248 3
6912743 1
6916252 3
6920494 1
6923242 3
6923742 1
6924752 3
6925242 1
6929744 3
6930242 1
6930996 3
6932245 1
6941510 3
6941747 1
6943494 3
6944992 1
6947504 3
6950002 1
6952742 3
6954243 1
6960493 3
6961742 1
6963503 0
6963808 2
6964745 0
6966010 1
6966249 0
6973244 2
6973742 0
6974744 1
6975264 0
6975994 3
6976993 0
6978000 3
6978257 1
6979761 0
6988511 1
6991243 0
7569494 1
7570242 0
7579242 2
7579492 0
7582504 2
7584501 0
7586751 1
7587993 0
7594495 1
7599500 0
7604743 2
7605992 0
7607249 1
7607742 0
7612493 2
7612992 3
7613242 2
7613492 0
7616748 1
7618994 3
7619742 1
7623008 0
7628244 1
7632558 3
7632776 1
7636766 3
7641744 1
7644499 3
7645748 1
7648994 3
7650751 1
7652748 3
7654244 1
7659496 3
7660745 1
7663743 3
7665243 2
7666492 3
7667253 0
7669270 1
7670246 3
7670742 1
7675503 0
7676758 1
7680499 3
7681742 1
7683791 0
7685256 2
7687250 0
7687754 1
7689504 0
7690242 2
7691253 3
7691500 2
7694242 0
7697244 2
7698743 3
7701244 1
7701992 0
7704994 2
7706244 0
7708992 3
7709742 1
7709992 0
7711010 2
7711244 0
7712505 1
7713752 3
7715244 2
7715994 0
7720755 2
7721253 0
7721756 1
7722244 0
7723242 2
7726757 3
7727252 2
7729745 3
7731742 2
7733992 3
7734492 2
7737780 3
7740998 2
7742248 3
7742748 2
7744744 3
7745242 2
7746242 3
7750767 2
7752242 3
7752742 2
7756746 3
7756995 2
7758256 3
7759493 2
7760492 3
7764495 2
7767995 3
7768742 2
7772510 3
7772744 2
7776995 3
7778742 2
7781752 3
run -1 9 10 0
0 2
15498 3
15749 2
17748 3
17999 2
31248 3
31748 2
37248 3
37749 2
64498 3
64998 2
75498 0
86505 2
86760 0
97499 2
97998 0
110755 1
110998 0
112514 2
118500 0
706499 2
708757 0
719757 1
723749 0
733001 1
733766 3
734003 1
735272 0
736269 1
736507 0
737257 1
740249 3
741749 1
742766 0
743748 1
744255 3
744504 0
745752 1
745999 3
747748 1
748998 3
749248 2
750008 0
751516 1
752249 3
752998 2
753748 0
756499 2
756748 0
759302 2
759509 0
767751 1
768498 0
771508 1
776249 3
776748 1
784499 3
784748 1
787000 3
787518 1
793249 3
794256 1
803000 3
803754 1
808749 3
808998 1
815755 3
815998 1
854511 3
1613000 2
1617498 3
1618498 2
1622998 3
1623248 2
1627748 3
1630498 2
1631248 3
1632001 2
1635998 3
1636498 2
1642748 3
1642998 2
1644248 3
1644498 2
1648748 3
1648998 2
1680998 0
1683006 2
1683249 0
2488000 1
2488248 0
2502248 1
2503748 0
2504999 1
2507749 3
2508498 1
2517250 3
2517498 1
2523257 3
2523498 1
2526748 3
2528261 1
2529508 3
2529767 1
2533499 3
2533748 1
2534998 3
2535253 1
2543250 3
2543498 1
2544255 3
2544508 1
2545248 3
2545754 1
2549500 3
2549748 1
2555000 3
2555248 1
2604006 3
3586750 2
3593749 3
3594998 2
3601498 3
3602250 2
3603498 3
3603749 2
3605498 3
3606001 2
3607498 3
3608248 2
3610998 3
3611498 2
3662748 3
3662998 2
3667498 0
3673000 2
3673248 0
3700249 2
3700498 0
3704256 2
3705250 0
3712251 1
3714248 0
3813000 2
3813498 0
4324999 2
4359250 0
4361753 2
4361999 0
4387508 2
4387753 0
4388759 2
4390000 0
4397002 1
4397520 0
4408755 2
4408998 0
4411248 1
4414005 3
4414251 1
4415259 3
4415513 1
4430081 3
4430760 1
4432754 3
4433757 1
4435500 3
4437248 1
4438498 3
4438749 1
4442251 3
4442498 1
4446000 3
4446749 1
4477249 3
5211750 2
5294248 0
5295250 2
5295502 0
5297751 2
5298000 0
5300250 1
5301263 0
5305249 2
5306273 0
5307756 2
5308249 0
5310248 2
5310998 0
5311749 2
5311998 0
5313751 2
5314267 0
5315006 2
5315262 0
5316000 2
5317248 0
5318748 2
5319248 0
5322265 2
5322748 0
5323501 2
5324002 0
5328755 2
5329003 0
5896750 2
5899248 0
5937004 2
5937501 0
5948255 1
5948748 0
5951252 2
5951752 0
5953262 1
5954250 3
5954760 1
5955749 0
5956517 2
5956756 0
5957751 1
5958498 3
5958748 2
5958998 0
5960248 1
5960998 3
5961505 2
5961761 0
5962505 1
5963260 3
5963516 1
5965251 0
5966748 1
5967498 0
5968252 1
5969751 0
5971516 1
5973498 0
5975249 2
5975748 0
5976008 1
5984002 3
5984500 1
5991251 3
5991748 1
5994750 3
5994998 1
6001288 3
6001504 1
6028508 3
6028748 1
6050501 3
6797751 2
6801498 3
6802249 2
6811748 3
6811998 2
6816248 3
6816748 2
6821748 3
6822248 2
6827998 3
6828498 2
6829748 3
6831248 2
6831998 3
6833748 2
6835248 3
6838053 2
6840248 3
6840498 2
6841749 3
6842998 2
6853248 3
6853749 2
6854748 3
6856248 2
6857748 3
6858748 2
6863498 3
6866498 2
6870248 3
6870498 2
6871999 1
6872498 0
6875753 1
6876253 0
6878000 2
6878498 3
6879499 0
6880748 2
6881998 0
6885000 2
6886749 0
6887498 1
6887748 3
6888248 2
6890505 1
6891256 3
6892268 2
6893021 3
6893751 1
6895748 3
6895998 1
6896248 0
6897748 1
6898000 2
6898267 0
6898754 1
6900265 3
6901763 1
6902998 0
6903999 1
6904248 3
6904498 1
6906248 3
6907009 2
6907749 0
6908248 1
6908510 0
6909259 1
6909768 0
6924577 1
6928252 0
6928759 1
6929499 0
6951000 2
6951248 0
7527500 2
7527998 3
7529189 2
7532248 3
7533998 2
7574498 0
7582751 1
7586013 2
7586259 0
7592000 1
7592250 0
7592750 2
7593254 3
7593498 2
7597000 1
7598748 3
7598998 1
7600007 3
7600757 1
7602273 0
7603256 1
7603764 0
7604252 2
7605248 3
7610002 2
7610248 0
7611517 1
7612249 3
7612748 1
7617251 3
7619000 2
7620250 0
7621248 2
7622998 3
7623748 2
7624749 0
7626547 2
7628755 0
7631015 1
7631502 3
7632500 1
7634252 3
7634749 1
7634998 0
7636248 2
7636498 3
7638256 1
7638516 0
7639765 1
7642500 3
7643998 1
7646764 3
7647270 1
7648250 3
7653750 1
7654511 3
7656016 1
7656998 3
7659248 1
7661263 3
7662499 1
7665251 3
7665498 1
7666498 3
7667998 1
7668751 3
7673751 1
7675248 3
7678030 1
7679505 3
7680752 1
7683512 3
7684498 1
7685753 3
7686998 1
7687748 3
7690757 1
7692750 3
7692998 1
7693998 3
7694498 1
7698760 3
7700250 1
7701248 3
7702748 1
7703498 3
7703998 1
7704758 3
7709000 1
7710498 3
7710998 1
7712248 3
7712498 1
7713765 3
7714500 1
7719001 3
7722250 1
7724749 3
run 1 8 9 0
0 1
8006 3
8997 1
11997 3
12504 1
15249 3
15497 1
16747 3
18997 1
22500 3
23497 1
32499 3
33247 1
47249 3
48748 1
50997 3
55760 1
58499 3
59749 1
63747 3
65249 1
67749 3
67997 1
73508 3
75747 1
76498 3
77497 1
78768 3
79498 1
81262 3
82502 1
83247 3
83747 1
84747 3
85997 1
87010 3
87505 1
90250 3
92497 1
94498 3
95007 1
97248 3
97997 1
98997 3
99247 1
99997 3
100997 1
101997 0
102498 2
103289 1
106514 0
118751 1
125011 3
125756 2
127249 0
129497 1
129997 3
131012 2
132270 3
133268 1
134503 0
136497 1
137747 0
139003 2
139262 3
139751 1
142250 0
142997 2
143247 0
143497 1
145747 0
147256 1
147747 0
148999 2
149498 0
150997 1
152747 3
155261 1
156014 0
157761 2
159499 3
159754 2
160517 0
161511 2
162997 0
163497 1
164747 2
166504 0
167497 2
168011 0
169767 1
170248 0
170747 2
170997 0
172247 2
172497 3
172747 2
172997 0
174760 1
175503 3
176258 1
177249 0
178261 2
179999 0
182997 2
183771 3
184021 0
186255 3
186506 2
187749 3
188497 2
193251 3
193497 2
197000 3
197497 2
200003 3
200262 2
208027 3
210502 2
211508 3
212266 2
213261 3
213506 2
214266 3
215005 2
220749 3
221755 2
227001 3
228775 2
232500 3
232747 2
233997 3
236261 2
240750 3
241247 2
242997 3
244502 2
245250 3
246758 2
247748 3
250247 2
251247 3
253769 2
257498 3
258498 2
261272 3
261760 2
275750 3
277247 2
279750 3
281509 2
284010 3
284263 2
285997 3
287497 2
306251 3
446998 1
456249 3
457258 1
461249 3
461497 1
461747 3
462498 1
463497 3
468763 1
471249 3
473997 1
475499 3
481750 1
485010 3
492750 1
494499 3
494747 1
496497 3
497247 1
499515 3
499749 1
501263 3
502004 1
503998 3
504247 1
506501 3
508518 1
509247 3
511497 1
514861 3
515553 1
518253 3
518508 1
520253 3
521251 1
522247 3
523750 1
530749 3
532247 1
535006 3
536000 1
537512 3
538997 1
540247 3
540497 1
541497 3
541747 1
542761 3
543247 1
546007 3
546497 1
547997 3
549747 1
550498 3
551749 1
556250 0
557747 1
558763 0
561250 1
562747 0
564259 1
564997 0
565998 1
567295 0
567534 2
568340 1
569505 0
570759 2
571010 3
571275 1
572005 0
572502 2
572752 0
595499 2
595747 0
598999 2
622505 0
623508 1
624006 3
624249 2
630763 0
632259 2
635997 0
637252 2
637757 0
639270 2
639751 0
640503 2
641247 0
645999 2
647254 0
649007 2
649247 0
650997 2
652497 0
654261 2
654747 0
657749 2
658247 0
659997 3
660747 2
661004 0
661512 1
661999 0
666499 2
667747 0
671022 2
672768 1
673760 3
674002 1
675258 0
675997 2
680249 0
681247 2
684022 3
685247 2
686249 0
689264 2
689497 0
691999 2
749761 3
750511 2
827750 3
949761 1
954749 3
954997 1
955747 3
956015 1
956999 3
957248 1
959499 3
961247 1
962748 3
963513 1
966499 3
967747 1
968997 3
969256 1
975755 3
976753 1
979749 3
980747 1
982997 3
984254 1
988499 3
989497 1
991264 3
996499 1
999999 3
1000270 1
1002257 3
1006497 1
1008764 3
1011749 1
1016258 3
1020248 1
1020997 3
1021747 1
1024249 3
1026750 1
1027998 3
1029754 1
1032247 3
1033997 1
1037754 3
1038749 1
1040497 3
1043253 1
1044502 3
1045256 1
1052256 3
1052509 1
1079260 3
1079500 1
1084499 3
1084748 1
1105768 0
1172519 1
1172755 0
1198999 2
1199497 0
1239506 1
1239997 0
1241498 1
1241873 0
1244275 1
1245011 0
1256500 1
1258497 0
1272249 2
1277500 3
1277755 2
1299006 3
1303504 2
1322000 3
1324247 2
1333750 3
1335249 2
1347001 3
1347247 2
1353274 3
1353765 2
1365252 3
1367006 2
1381250 3
1382497 2
1385018 3
1385262 2
1387247 3
1596750 1
1731747 0
1732997 1
1746997 0
1747997 1
1749747 0
1788497 2
1788997 0
1794999 2
1795252 0
1802751 2
1803997 0
1808500 2
1812249 0
1814749 3
1815268 0
1816775 2
1818262 0
1821497 1
1822997 2
1823509 0
1825021 2
1825507 3
1825766 2
1826004 0
1828498 2
1828747 0
1830497 2
1830764 3
1831010 2
1832001 3
1832512 2
1834749 0
1837497 1
1837997 0
1839335 1
1839554 0
1858508 1
1859017 0
1860268 1
1860510 0
1864999 2
1865247 0
1871750 1
1872997 3
1873497 2
1875017 3
1875749 2
1877265 3
1877510 2
1879247 3
1879747 2
1883757 3
1884267 2
1889500 3
1890247 2
1897501 3
1898272 2
1911510 3
1915000 2
1920273 3
1921751 2
1929020 3
1929497 2
1933752 3
1934005 2
1938250 3
1939997 2
1940997 3
1944274 2
1952250 3
1953525 2
1955250 3
1962000 2
1969500 3
1969997 2
1973006 3
1973749 2
1975771 3
1978749 2
1987750 3
1988497 2
1996249 3
2002501 2
2004504 3
2005997 2
2023520 3
2024249 2
2026497 3
2026747 2
2032282 3
2032997 2
2035747 3
2035997 2
2050757 3
2053998 2
2055757 3
2056247 2
2062749 3
2066251 2
2068999 3
2373748 1
2381499 3
2381747 1
2398749 3
2399747 1
2453011 3
2453258 1
2476248 3
2477497 1
2498000 0
2504010 1
2504266 0
2505248 1
2505997 0
2507497 1
2508247 0
2508749 2
2508999 0
2512765 1
2514505 0
2520513 1
2521752 0
2528000 1
2529747 0
2530504 1
2532750 0
2534001 1
2535265 0
2564749 2
2568497 0
2569263 1
2615000 0
run -1 10 12 1
0 1
248 0
252998 1
253248 0
337998 1
352998 0
354248 3
355501 1
356515 3
357010 1
358255 0
360002 1
360248 0
365249 1
366014 0
374277 1
374506 0
378749 1
378998 0
383512 1
384998 0
387998 1
393750 3
394248 1
395498 3
396503 1
400500 3
401249 1
402748 3
405001 1
409250 3
409507 1
421002 3
421513 1
427004 3
428005 1
442500 3
442749 1
448267 3
448998 1
486504 3
615251 2
617750 3
617998 2
620034 3
622502 2
625501 3
625748 2
626748 3
627498 2
630017 3
632266 2
634251 3
637248 2
643501 3
647503 2
648513 3
650010 2
651748 3
652498 2
657522 3
658748 2
661748 3
663014 2
670765 3
671867 2
679998 3
681998 2
684248 3
685498 2
687498 3
688498 2
690748 3
697998 2
702998 3
707248 2
723248 3
724748 2
741248 3
743498 2
745748 3
746748 2
756248 3
756998 2
762748 3
763248 2
802748 0
888501 1
890751 0
901501 1
902249 0
903748 1
917759 0
919749 1
926771 0
930748 1
952251 0
956259 1
959772 0
961007 1
961248 0
962248 1
963248 0
965513 1
973501 0
975251 1
977016 0
979000 1
981248 0
985022 1
986255 0
992502 1
1000769 3
1001010 1
1014752 3
1014998 1
1092500 3
1190751 2
1204002 3
1205760 2
1219777 3
1220006 2
1230519 3
1232748 2
1288755 3
1291000 2
1356257 0
1360500 2
1360748 0
1369750 1
1369998 2
1370498 0
1426251 2
1426998 0
1499751 2
1500511 0
1511750 2
1512498 0
1520000 2
1521998 0
1560773 1
1592506 3
1593013 1
1599501 3
1599748 1
1605750 3
1605998 1
1610260 3
1610999 1
1617514 3
1620999 1
1638999 3
1639248 1
1640001 3
1640322 1
1686249 3
1806769 2
2024499 0
2033501 1
2034248 0
2038259 1
2038514 0
2055250 2
2055498 0
2057998 2
2060501 0
2070500 2
2093762 0
2106249 2
2106498 0
2108748 2
2110751 0
2112754 1
2113498 3
2113748 2
2113998 0
2134251 2
2134498 0
2139000 2
2140750 0
2145015 1
2147253 3
2147517 1
2151748 2
2153500 0
2155257 2
2155502 0
2156750 2
2157748 0
2158749 2
2162253 3
2162500 1
2163766 3
2165748 2
2166998 0
2168248 2
2169508 3
2184001 1
2205511 3
2270250 1
2299252 3
2299509 1
2303751 0
2304748 1
2315002 0
2320500 2
2320748 0
2321498 1
2328500 0
2334760 2
2336000 0
2337005 2
2337500 1
2348757 3
2349251 1
2353250 3
2353498 1
2359016 3
2359254 1
2362999 3
2363998 1
2368000 3
2368498 1
2420251 3
2421248 1
2422248 3
2422748 1
2424028 3
2670008 2
2715250 3
2715500 2
2740998 0
2743069 2
2743256 3
2743502 2
2746774 3
2747000 1
2747748 0
2748250 2
2749502 0
2750248 2
2750998 3
2751748 2
2752748 0
2754020 1
2754749 0
2757500 3
2758998 1
2760777 0
2762258 1
2769000 3
2769248 0
2772999 2
2773749 0
2778511 2
2780750 0
2783248 2
2783748 0
2787500 2
2789248 3
2789753 0
2795774 1
2800257 3
2800998 1
2801998 3
2802498 2
2802748 0
2805003 2
2805754 3
2805998 2
2807011 3
2807250 2
2807998 3
2808999 1
2810248 3
2810499 2
2813769 3
2814261 2
2817001 3
2820500 1
2821275 3
2822502 1
2824748 0
2825498 2
2825998 0
2826748 2
2827498 0
2828750 2
2829770 3
2834000 2
2834748 3
2836500 1
2839750 3
2843766 1
2844771 3
2848000 1
2854000 3
2854248 1
2857009 3
2857748 1
2859001 3
2864502 1
2871499 3
2872248 1
2881500 3
2884013 1
2886505 3
2887258 1
2905503 3
2906248 1
2907262 3
2908998 1
2918500 3
2919264 1
2923501 3
2924248 1
2928752 3
2930750 1
2942755 3
3110751 2
3112748 3
3112998 2
3114501 3
3114748 2
3116016 3
3116270 2
3117998 3
3118998 2
3119748 3
3126251 2
3127498 3
3128499 2
3141004 3
3141998 2
3191762 3
3192007 2
3196001 3
3196248 2
3202001 3
3204248 2
3205752 3
3206005 2
3206751 3
3207002 2
3208248 3
3208499 2
3217498 3
3218499 2
3220748 3
3220998 2
3222752 3
3224750 2
3226248 3
3227498 2
3230748 3
3231248 2
3233998 3
3234248 2
3236498 3
3238498 2
3241248 3
3241498 2
3242859 3
3243748 2
3245248 3
3248248 2
3249498 3
3249998 2
3251998 0
3252790 1
3253011 0
3255503 2
3256006 3
3258000 1
3258999 3
3259998 1
3260499 0
3262248 2
3263757 0
3264027 1
3264252 0
3264998 2
3267750 0
3267998 1
3268248 0
3269748 1
3270259 2
3272263 0
3274000 2
3274998 3
3275998 2
3276748 0
3278027 1
3281020 0
3283000 1
3283998 0
3284248 2
3284498 0
3285748 2
3286509 0
3290749 2
3290998 0
3292498 2
3292748 1
3293498 0
3295250 1
3295753 3
3297000 1
3297248 0
3298498 1
3299248 0
3300250 1
3300498 0
3305249 2
3305504 0
3319751 2
3335249 0
3341522 2
3343000 0
3343248 1
3344998 2
3345248 0
3353004 2
3353498 0
3356503 2
3358007 0
3366509 2
3368500 0
3384014 2
3385752 0
3388000 2
3389498 0
3412263 2
3412506 0
run 1 9 10 0
0 1
3004 3
3263 1
4755 3
6006 1
12022 3
12255 1
15251 3
15749 1
21757 3
21999 1
30751 3
30999 1
35503 3
36249 1
37004 3
37754 1
40499 3
41500 1
44010 3
44502 1
61267 3
61999 1
67751 3
68499 1
87257 3
89759 1
95251 3
97001 1
121756 3
122014 1
126251 3
128249 1
134250 3
134499 1
152251 3
154253 1
156006 3
157759 1
362002 0
363999 1
365501 3
365750 1
378501 3
378749 1
388002 0
388749 1
393252 0
396999 1
398751 0
399514 1
399999 0
404000 1
434001 3
436256 0
438751 1
478751 0
478999 2
480750 0
481749 1
495252 0
510009 1
513252 0
518755 1
634775 0
674252 1
675007 0
677521 1
862501 0
865749 1
870249 0
871249 1
880499 0
882499 1
887749 0
889249 1
892749 0
894115 1
894749 0
895749 1
897249 0
898249 1
900999 0
908999 1
912749 0
914002 1
917249 0
918249 1
922749 0
926999 1
927999 0
931749 1
932499 0
933249 2
933499 0
934249 1
938272 0
939500 1
941004 0
947753 2
948500 0
948999 1
954772 0
956999 1
958249 3
958749 1
958999 0
959499 2
960751 0
965002 1
968256 3
968525 1
968760 0
970764 2
971004 3
972251 1
977267 3
981510 2
982749 3
984357 2
987253 3
1001252 2
1003003 3
1007252 2
1011014 3
1011503 2
1012771 3
1029002 2
1031249 3
1031499 2
1032499 3
1035755 2
1036770 3
1039258 2
1040014 3
1040258 2
1042749 3
1048256 2
1049252 3
1052249 2
1054261 3
1054499 2
1055521 3
1058252 2
1059249 3
1683252 1
1686503 3
1686757 1
1687759 3
1688001 1
1695260 3
1695749 1
1698752 3
1699249 1
1713251 3
1717000 1
1718004 3
1719506 1
1720253 3
1720999 1
1728501 3
1728749 1
1731499 3
1732249 1
1735013 3
1736251 1
1736999 3
1740501 1
1741249 0
1741749 2
1742499 1
1743761 0
1745266 1
1745523 3
1745753 1
1745999 0
1746499 2
1747009 0
1748250 1
1748749 2
1748999 0
1749499 1
1750749 3
1750999 1
1751749 3
1752007 1
1752509 3
1752756 1
1760252 0
1778003 1
1873522 0
2220751 1
2224499 3
2226001 1
2227749 3
2228249 1
2234258 3
2235751 1
2236012 0
2237015 1
2249252 0
2250499 1
2258510 3
2258760 1
2264251 3
2264499 1
2269264 3
2269505 1
2270751 0
2271499 2
2271749 3
2272749 2
2273249 0
2274503 2
2274757 0
2276004 1
2277002 3
2277249 2
2278249 3
2278749 2
2281001 3
2285507 2
2286025 3
2287017 2
2288767 3
2289999 2
2291003 3
2293499 2
2294749 3
2295524 2
2296752 3
2299251 2
2301749 3
2302271 2
2305502 3
2314252 2
2315999 3
2316499 2
2317749 3
2318261 2
2327771 3
2329249 2
2330499 3
2332249 2
2336006 3
2337260 2
2339532 3
2340501 2
2342249 3
2344000 2
2345026 3
2348271 2
2349000 3
2349999 2
2351999 3
2979001 1
3005014 3
3005258 1
3008761 3
3009249 1
3018502 3
3018999 1
3023013 3
3024499 1
3027749 3
3027999 1
3034505 3
3037252 1
3039750 3
3039999 1
3041258 3
3041999 1
3043251 3
3043499 1
3044749 0
3045999 2
3046249 0
3046749 1
3049012 3
3049754 1
3050268 0
3051999 2
3055265 0
3056501 2
3059501 0
3061250 2
3064751 0
3088751 2
3097764 3
3100005 2
3104002 3
3105253 2
3158751 0
3160499 2
3161999 0
3594752 2
3597014 0
3681501 2
3683749 0
3685000 2
3688752 0
3691001 2
3697518 0
3703501 2
3703999 0
3706026 2
3706749 0
3707499 2
3708000 0
3712001 2
3712500 0
3713252 2
3713519 0
3715501 2
3716249 0
3717249 2
3721520 0
3723001 2
3723749 0
3724999 2
3725499 0
3726749 2
3727255 0
3729519 2
3735503 0
3735749 1
3736759 0
3737001 2
3739749 0
3741249 2
3743172 0
3743502 2
3744793 0
3745083 1
3745337 0
3748760 2
3801002 3
4458250 1
4460521 3
4461513 1
4463253 3
4463749 1
4465501 3
4466249 1
4469506 3
4470026 1
4470751 3
4470999 1
4472001 3
4472999 1
4474249 3
4477501 1
4478503 3
4479752 1
4481999 3
4484518 1
4485504 3
4487512 1
4488499 3
4490499 1
4491249 3
4493751 1
4494503 3
4496501 1
4498250 3
4498499 1
4499501 3
4505514 1
4506249 3
4507749 1
4509058 3
4509556 1
4510759 3
4511513 1
4513001 0
4514287 2
4515506 0
4516749 2
4517000 0
4519249 2
4519501 0
4548266 2
4548749 0
4996760 2
4997763 0
5000507 1
5001749 0
5010001 2
5010499 0
5012505 2
5012749 0
5013768 1
5014767 3
5014999 2
5015249 0
5018749 2
5019259 3
5020253 1
5020500 0
5026251 2
5027499 0
5028512 2
5028749 0
5030522 2
5031499 0
5035513 2
5035762 0
5038753 2
5040249 0
5041499 2
5041999 0
5042749 2
5044825 0
5048006 2
5049759 3
5050249 2
5051749 0
5051999 1
5052999 3
5053499 2
5054499 0
5057253 1
5057511 0
5058252 2
5059749 0
5061250 2
5064257 0
5064517 1
5065751 2
5066749 0
5067749 1
5069499 2
5070277 3
5070507 1
5071251 0
5072759 2
5096011 3
5096756 2
5103752 3
5103999 2
5104999 3
5105249 2
5106769 3
5107005 2
5116253 3
5116499 2
5118249 3
5118499 2
5122526 3
5122760 2
5128753 3
5129522 2
5132252 3
5134749 2
5141002 3
5727500 1
5733253 3
5733501 1
5734513 3
5735004 1
5736249 3
5736499 1
5745502 3
5745999 1
5796523 0
5801015 1
5801499 0
5808007 1
5808516 0
5820252 1
5821249 0
5856002 1
5856499 0
5939502 1
5939999 0
6143751 1
6143999 0
6145025 1
6150249 0
6152249 1
6152499 0
6154999 1
6155249 0
6163499 1
6163749 0
6175499 1
6176087 0
6177749 2
6179514 0
6182014 1
6226251 0
6355256 1
6361752 0
6364762 1
6366761 0
6376001 1
6376249 0
6384770 1
6386501 0
6390499 2
6390999 0
6395752 1
6396249 0
6399008 1
6399507 0
6400251 2
6401262 3
6401508 1
6403501 0
6404749 1
6404999 0
6412252 2
6412749 0
6414250 1
6415010 0
6415522 2
6416502 0
6422772 2
6423513 0
6423999 1
6425006 0
6426749 1
6427000 0
6427500 1
6428504 0
6431010 2
6432034 0
6434269 2
6434760 3
6436505 1
6438752 0
6439251 2
6439510 0
6440751 1
6440999 0
6443499 1
6444000 3
6444520 2
6446024 3
6446508 2
6447999 3
6448249 2
6454753 3
6455499 2
6458499 3
6460002 2
6461509 3
6464001 2
6464749 3
6469003 2
6471252 3
6471749 2
6476766 3
6480001 2
6482500 3
6483511 2
6486754 3
6487016 2
6489018 3
6490253 2
6495001 3
6495999 2
6497760 3
6499000 2
6499999 3
6500749 2
6503266 3
6504772 2
6505763 3
6506749 2
6510762 3
6511263 2
6515252 3
run -1 9 10 0
0 2
11248 3
11750 2
12748 3
12998 2
42248 3
42498 2
50998 3
51248 2
56498 0
58517 1
59008 0
61512 1
63004 0
69025 1
69260 0
111511 1
114501 0
150001 1
151261 0
160058 1
652000 3
1299250 2
1334998 3
1335248 2
1374998 3
1375248 2
1376998 3
1377748 2
1382248 3
1383498 2
1388498 3
1388748 2
1439998 0
1563508 2
1564748 0
1866499 2
1868260 0
2125751 1
2170500 3
2823000 2
2893748 0
3505249 2
3505498 0
3510252 2
3510752 0
3512012 2
3512498 0
3515498 2
3517505 0
3523251 2
3524257 0
3528501 1
3529248 0
3530248 1
3532750 3
3533006 1
3534010 3
3535013 1
3539748 3
3540515 1
3541498 3
3541761 1
3543750 3
3543998 1
3545499 3
3546749 1
3548502 3
3548998 1
3550001 3
3550498 1
3552998 3
3553502 1
3572750 3
3572998 1
3576260 3
3576998 1
3596500 3
4245000 2
4281248 3
4285748 2
4305248 3
4305748 2
4309248 3
4310751 2
4320248 3
4322248 2
4339999 0
4345004 1
4345250 0
4348000 1
4348748 0
4350498 1
4351512 0
4353009 2
4353266 0
4358000 2
4358262 0
4359250 1
4360768 0
4362248 2
4362498 0
4363248 1
4363498 0
4364498 2
4364748 0
4366513 1
4366751 0
4369022 2
4370001 0
4372748 1
4374502 2
4375255 0
4378751 1
4379248 0
4381749 1
4382758 0
4384252 1
4385998 0
4394512 1
4395502 3
4398517 2
4400498 0
5043000 1
5043773 0
5057249 2
5057798 0
5059259 2
5059754 0
5063000 2
5063505 0
5064750 1
5064998 0
5072000 2
5077259 0
5083011 2
5083514 0
5086754 2
5087251 0
5088248 2
5088748 3
5088998 1
5091766 0
5093765 1
5094503 3
5095999 1
5102500 3
5103498 1
5105498 3
5110502 1
5128500 3
5133501 1
5139999 3
5140248 1
5151759 3
5157749 1
5159908 3
5160498 1
5161262 3
5161501 1
5165502 3
5165999 1
5171250 3
5172004 1
5181011 3
5181509 1
5190001 3
5954752 2
5957248 3
5962748 2
5964498 3
5964764 2
5965498 3
5965748 2
5967498 3
5967748 2
5970248 3
5970498 2
5971248 3
5972998 2
5975748 3
5976998 2
5980248 3
5981748 2
5983248 3
5984248 2
5985998 3
5986248 2
5994248 3
5994498 2
5999748 3
6000498 2
6005748 3
6005998 2
6006780 3
6007748 2
6008851 0
6009259 1
6009758 0
6012270 1
6012757 0
6020500 2
6020999 0
6026521 1
6026768 0
6030001 1
6031248 0
6376000 1
6376498 0
6378748 2
6380498 1
6381505 0
6384010 1
6384517 0
6388751 1
6392501 0
6397000 1
6628001 0
6629498 1
6639251 0
6642507 1
6645751 0
6647748 1
6647998 0
6650254 1
6655001 0
6656498 1
6662251 0
6664498 1
6679500 3
6679998 1
6703750 3
6703998 1
6709767 3
6710012 1
6723000 3
6724504 1
6730501 3
6730748 1
6732511 3
6732748 1
6745767 3
run 1 27 31 0
0 1
26768 0
27747 1
28002 0
28757 1
29507 0
32499 1
34247 0
36001 1
36770 0
37254 2
37512 1
55776 0
57763 1
58998 0
73500 1
73747 0
75997 1
77008 0
79252 2
81749 3
83497 2
84247 3
84747 2
87775 3
89249 2
90747 3
116499 1
142250 0
143747 1
145749 0
146511 1
169250 0
177000 1
177747 0
179250 1
184000 0
186497 1
187266 0
187998 1
188514 0
192000 1
192247 0
194264 1
195762 0
196749 1
197247 0
200010 2
205263 3
205499 2
206512 3
209503 2
216256 3
243999 1
268999 3
269247 1
272999 3
274269 1
276997 0
277747 1
281007 0
295758 2
296247 0
297006 2
297258 0
298248 2
299747 0
305012 2
321750 3
347257 1
353998 3
354997 1
379250 0
413249 2
413497 0
417022 2
417250 0
421750 2
422247 0
423787 1
424000 0
426258 2
443000 3
443997 2
451000 3
451747 2
456258 3
500750 1
552000 0
568262 1
568522 0
586252 1
586497 0
587747 1
588997 0
595499 2
621500 3
621997 2
625010 3
625749 2
626752 3
675003 1
695749 3
696247 1
712751 0
714498 1
715997 0
716747 1
717247 0
723750 1
727266 0
727751 2
728013 0
728998 1
729247 0
730748 1
733010 0
733508 2
733755 3
734497 2
736026 3
737498 2
738997 0
739997 1
740747 0
741517 1
742004 3
742998 1
743755 2
746750 3
747249 0
748247 1
748497 0
751749 2
754248 0
754997 2
755997 3
758566 2
759248 1
759838 3
760259 1
760502 0
762268 1
762757 3
763255 2
765512 3
765765 2
766747 3
768497 2
773250 3
774248 2
785262 3
786249 2
800000 3
800247 2
802250 3
802504 2
803499 3
858507 1
859747 3
860856 1
867499 3
868747 1
873770 3
874747 1
879999 3
881249 1
886249 3
887247 1
896753 3
898766 1
899515 3
899999 1
902747 0
904255 1
904507 3
905749 0
907749 2
907997 0
908997 1
909247 3
909497 1
909747 0
911499 1
914324 3
914516 2
917503 3
918511 1
920004 3
930249 1
931497 3
934017 1
935249 3
937497 2
938248 0
938747 1
939247 3
940503 1
942003 0
942755 2
943250 3
943516 1
944497 3
946497 2
946748 0
948520 1
950772 0
952998 1
953247 3
953498 1
957001 3
957761 2
959501 0
960497 1
961747 3
961997 2
962747 0
963247 1
963665 3
964532 2
965032 0
965593 1
966060 0
966502 2
971763 3
974247 2
977275 3
977504 2
978775 3
979247 2
984751 3
984997 2
987750 3
988247 2
990247 3
991261 2
1006000 3
1087499 1
1093499 3
1093749 1
1099499 3
1100997 1
1109499 3
1109747 1
1111767 3
1112260 1
1116247 3
1116747 1
1120253 3
1120999 1
1130259 3
1130502 1
1136500 0
1138784 1
1139008 0
1140499 1
1141497 0
1143998 1
1145010 0
1150250 1
1151497 0
1155011 2
1157000 1
1159497 3
1159747 1
1159997 0
1165249 2
1165497 0
1178249 2
1178747 0
1179997 2
1180758 0
1184249 2
1184747 0
1187755 1
1188016 0
1204499 2
1205265 0
1212506 2
1213248 0
1215497 2
1216497 0
1218498 1
1219798 3
1220082 1
1222269 0
1234249 2
1234997 0
1237497 2
1281500 3
1352499 1
1357001 3
1357754 1
1359999 3
1375003 1
1386749 3
1388498 1
1391999 3
1733998 1
1737755 3
1738757 1
1739751 3
1741254 1
1864503 3
1868249 1
1959249 3
1960247 1
1964506 3
1965266 1
1970013 3
1970751 1
1972256 3
1974499 1
1978002 3
1978258 1
1978747 0
1979514 2
1979997 0
1981497 2
1982997 0
1984747 2
1985247 0
1989759 2
1990253 0
1992001 2
1994749 0
2025500 1
2025997 0
2032499 2
2054262 3
2073262 1
2089262 0
2137252 2
2145001 3
2145272 2
2150250 3
2151747 2
2153499 3
2174749 1
2194750 0
2205016 1
2205748 0
2206757 1
2208000 0
2220250 1
2222001 0
2225500 1
2226747 0
2231000 1
2231747 0
2238519 1
2239749 0
2240748 1
2241011 0
2245499 2
2245997 3
2246248 2
2249253 3
2250260 2
2251250 3
2252498 2
2254747 3
2259260 2
2259997 3
2261247 2
2261997 3
2262997 2
2263747 3
2266270 2
2267019 3
2267758 2
2268497 3
2305249 1
2335500 0
2336750 1
2337747 0
2339836 1
2341011 0
2342013 1
2343000 0
2343763 1
2345001 0
2346749 1
2346997 0
2365758 2
2374502 3
2375247 2
2385000 3
2417761 1
2436499 3
2436748 1
2437747 0
2457498 2
2457747 0
2459753 2
2460255 0
2466249 2
2466997 0
2468498 2
2493518 3
2533261 1
2541249 3
2541747 1
2549251 3
2549747 1
2550497 3
2550748 1
2561250 0
2603253 2
2638500 3
2699249 1
2734250 0
2735257 1
2737750 0
2739997 1
2740498 0
2746250 1
2746997 0
2766499 2
2766747 0
2771503 1
2772000 0
2783499 2
2800999 3
2801247 2
2805021 3
2808501 2
2810748 3
2810997 2
2816018 3
2816504 2
2817997 3
2818247 2
2822503 3
2823018 2
2834250 3
2835997 2
2837757 3
2838001 2
2838747 3
2840017 2
2841747 3
run -1 24 26 0
0 2
7748 3
8498 2
16498 3
17826 2
19766 3
20498 2
21498 3
21786 2
22498 3
22998 2
25998 3
26248 2
27783 3
27998 2
34748 3
34998 2
38998 3
39248 2
52248 0
60500 2
60748 0
98001 1
125750 3
147766 2
169750 0
194751 1
200500 3
200748 1
208512 3
208766 1
209500 3
209998 1
210761 3
211003 1
211749 3
212498 1
223250 3
244751 2
264750 0
267000 2
267249 0
268750 2
268998 0
273750 2
274000 0
276250 2
277499 0
278248 2
281755 0
284501 2
284998 0
286998 1
287249 0
287998 2
289011 0
291256 2
292750 3
293250 1
309759 3
310012 1
310755 3
311000 1
315500 3
339001 2
358750 0
369757 1
370016 0
375263 2
375999 0
377502 1
377748 0
385756 1
386019 0
393013 1
393258 0
394770 1
423500 3
584501 2
593501 3
594498 2
599751 3
600248 2
601248 3
604250 2
606750 3
607498 2
608498 3
609253 2
613280 3
613507 2
615756 3
616002 2
618001 3
618248 2
620498 3
622257 2
626251 3
626748 2
628748 3
629251 2
633250 0
635998 2
636248 0
640758 2
641004 0
651750 2
652998 0
659749 2
660498 0
685251 1
716749 3
746748 2
784248 0
787508 2
788015 0
832750 1
875763 3
979751 2
1694500 3
1695248 2
1741795 0
1777782 2
1778498 0
1795036 1
1817499 3
1818272 1
1819501 3
1840250 2
1860015 0
1864251 2
1864999 0
1870007 2
1870265 0
1885264 2
1885998 0
1890498 2
1890748 0
1895509 1
1895752 0
1898261 2
1898505 0
1899498 1
1899998 0
1903272 1
1913750 3
1913998 1
1929250 3
1957251 2
1966501 3
1966748 2
1985509 3
1986248 2
1987749 0
1999250 2
2001749 0
2001998 1
2002498 2
2002748 0
2003758 1
2009250 0
2015250 2
2015749 1
2018010 3
2018250 1
2018498 0
2019527 1
2020503 3
2021259 1
2022749 3
2023248 1
2034500 3
2034748 1
2042808 3
2074501 2
2075998 3
2076512 2
2078268 3
2078521 2
2079750 3
2080748 2
2082998 3
2084015 2
2087501 3
2089760 2
2094514 3
2095506 2
2098262 0
2099499 1
2101248 0
2105263 2
2105509 0
2110001 2
2110263 0
2113500 2
2113748 0
2116998 2
2117248 0
2119002 2
2119248 0
2121514 1
2122498 0
2123748 1
2124248 0
2125749 1
2147252 3
2200001 2
2231511 0
2263257 1
2288014 3
2354504 2
2390500 0
2453751 1
2464011 3
2464248 1
2474501 3
2474750 1
2495999 3
2578751 2
3125499 0
3138003 2
3138251 0
3199000 2
3199498 0
3214251 1
3216248 0
3227515 1
3262266 3
